a <- 17.5
b <- 
c(1, 2, 3)
